if game.PlaceId==2753915549 then FirstSea=true elseif game.PlaceId==4442272183 then SecondSea=true elseif game.PlaceId==7449423635 then ThridSea=true end;function getLevelData()local a=game.Players.LocalPlayer.Data.Level.Value;if FirstSea then BringDistance=350;if a==1 or a<=9 then BringDistance=275;Enemies="Bandit [Lv. 5]"QuestName="BanditQuest1"QuestData=1;QuestNameMenu="Bandit"QuestPos=CFrame.new(1060.61548,16.5166187,1546.06348,-0.966731012,9.64880797e-08,0.255795151,8.52720916e-08,1,-5.49381056e-08,-0.255795151,-3.12981818e-08,-0.966731012)EnemiesCFrame=CFrame.new(1094.74158,68.1195679,1617.98132,-0.805238843,2.58748241e-06,-0.592950821,6.83637325e-07,1,3.43534839e-06,0.592950821,2.36091159e-06,-0.805238843)elseif a==10 or a<=14 then BringDistance=250;Enemies="Monkey [Lv. 14]"QuestName="JungleQuest"QuestData=1;QuestNameMenu="Monkey"QuestPos=CFrame.new(-1600.24353,36.8521347,153.224792,0.0664860159,1.09421023e-07,-0.997787356,9.55680779e-09,1,1.10300476e-07,0.997787356,-1.68691017e-08,0.0664860159)EnemiesCFrame=CFrame.new(-1609.71216,39.8521576,123.384674,0.708323717,6.74341152e-08,0.705887735,-1.86098941e-08,1,-7.68568071e-08,-0.705887735,4.13030072e-08,0.708323717)elseif a==15 or a<=24 then BringDistance=240;Enemies="Gorilla [Lv. 20]"QuestName="JungleQuest"QuestData=2;QuestNameMenu="Gorilla"QuestPos=CFrame.new(-1600.24353,36.8521347,153.224792,0.0664860159,1.09421023e-07,-0.997787356,9.55680779e-09,1,1.10300476e-07,0.997787356,-1.68691017e-08,0.0664860159)EnemiesCFrame=CFrame.new(-1260.29321,18.6214619,-398.3508,0.816335142,5.76316722e-07,-0.577578545,8.32609999e-08,1,1.11549434e-06,0.577578545,-9.58707005e-07,0.816335142)elseif a==25 or a<=119 then Enemies="Royal Squad [Lv. 525]"QuestName="JungleQuest"QuestData=1;QuestNameMenu="Monkey"QuestPos=game.Players.LocalPlayer.Character.HumanoidRootPart.CFrame;EnemiesCFrame=CFrame.new(-7579.42285,5628.39111,-1540.75073,-0.0374937952,1.17099557e-08,0.999296963,-3.30279164e-08,1,-1.29574085e-08,-0.999296963,-3.34905081e-08,-0.0374937952)elseif a==120 or a<=149 then Enemies="Chief Petty Officer [Lv. 120]"QuestName="MarineQuest2"QuestData=1;QuestNameMenu="Chief Petty Officer"QuestPos=CFrame.new(-5034.64893,28.6520348,4324.53369,-0.0616381466,5.83357576e-08,0.998098552,-1.59750098e-08,1,-5.9433436e-08,-0.998098552,-1.96080023e-08,-0.0616381466)EnemiesCFrame=CFrame.new(-4863.61328,22.6520348,4306.39307,0.536051273,7.00434066e-09,-0.844185412,-5.8011751e-10,1,7.92878918e-09,0.844185412,-3.76051057e-09,0.536051273)elseif a==150 or a<=174 then Enemies="Sky Bandit [Lv. 150]"QuestName="SkyQuest"QuestData=1;QuestNameMenu="Sky Bandit"QuestPos=CFrame.new(-4843.2041,717.669617,-2623.13159,-0.775086224,-1.6359829e-08,-0.631855488,-4.10942462e-08,1,2.45178793e-08,0.631855488,4.49690951e-08,-0.775086224)EnemiesCFrame=CFrame.new(-4970.74219,294.544342,-2890.11353,-0.994874597,-8.61311165e-08,-0.101116329,-9.10836278e-08,1,4.43614923e-08,0.101116329,5.33441664e-08,-0.994874597)elseif a==175 or a<=189 then Enemies="Dark Master [Lv. 175]"QuestName="SkyQuest"QuestData=2;QuestNameMenu="Dark Master"QuestPos=CFrame.new(-4843.2041,717.669617,-2623.13159,-0.775086224,-1.6359829e-08,-0.631855488,-4.10942462e-08,1,2.45178793e-08,0.631855488,4.49690951e-08,-0.775086224)EnemiesCFrame=CFrame.new(-5239.94629,392.217102,-2208.18335,0.969297886,-5.95604988e-09,-0.245889395,3.87897714e-09,1,-8.93151775e-09,0.245889395,7.70350184e-09,0.969297886)elseif a==190 or a<=209 then Enemies="Prisoner [Lv. 190]"QuestName="PrisonerQuest"QuestData=1;QuestNameMenu="Prisoner"QuestPos=CFrame.new(5307.95166015625,1.6809712648391724,475.1698913574219)EnemiesCFrame=CFrame.new(5029.708984375,68.67806243896484,445.857177734375)elseif a==210 or a<=249 then Enemies="Dangerous Prisoner [Lv. 210]"QuestName="PrisonerQuest"QuestData=2;QuestNameMenu="Dangerous Prisoner"QuestPos=CFrame.new(5307.95166015625,1.6809712648391724,475.1698913574219)EnemiesCFrame=CFrame.new(5673.51758,68.6786652,783.757629,-0.0514698699,7.78369369e-08,0.998674572,8.35602094e-08,1,-7.36337e-08,-0.998674572,7.96595359e-08,-0.0514698699)elseif a==250 or a<=274 then Enemies="Toga Warrior [Lv. 250]"QuestName="ColosseumQuest"QuestData=1;QuestNameMenu="Toga Warrior"QuestPos=CFrame.new(-1575.72961,7.38933659,-2983.39453,0.52762109,-1.48187587e-06,0.849479854,2.69328297e-07,1,1.57716818e-06,-0.849479854,-6.0335816e-07,0.52762109)EnemiesCFrame=CFrame.new(-1819.12415,7.28907108,-2744.02539,0.547199547,2.10840998e-08,-0.837002158,-1.27399286e-10,1,2.51067309e-08,0.837002158,-1.36317579e-08,0.547199547)elseif a==275 or a<=299 then Enemies="Gladiator [Lv. 275]"QuestName="ColosseumQuest"QuestData=2;QuestNameMenu="Gladiator"QuestPos=CFrame.new(-1575.72961,7.38933659,-2983.39453,0.52762109,-1.48187587e-06,0.849479854,2.69328297e-07,1,1.57716818e-06,-0.849479854,-6.0335816e-07,0.52762109)EnemiesCFrame=CFrame.new(-1334.76514,7.44254398,-3228.90552,-0.340173125,2.8230156e-08,0.940362811,2.60959143e-09,1,-2.90764834e-08,-0.940362811,-7.4370754e-09,-0.340173125)BringDistance=500 elseif a==300 or a<=324 then Enemies="Military Soldier [Lv. 300]"QuestName="MagmaQuest"QuestData=1;QuestNameMenu="Military Soldier"QuestPos=CFrame.new(-5316.33887,12.236989,8517.67285,0.499506682,-5.08374072e-08,-0.86631006,-1.30872131e-08,1,-6.62286652e-08,0.86631006,4.44192452e-08,0.499506682)EnemiesCFrame=CFrame.new(-5419.0752,10.9255161,8464.50488,-0.637788415,-4.55103836e-05,0.770211577,7.05542743e-06,1,6.49305366e-05,-0.770211577,4.68461185e-05,-0.637788415)elseif a==325 or a<=374 then Enemies="Military Spy [Lv. 325]"QuestName="MagmaQuest"QuestData=2;QuestNameMenu="Military Spy"QuestPos=CFrame.new(-5316.33887,12.236989,8517.67285,0.499506682,-5.08374072e-08,-0.86631006,-1.30872131e-08,1,-6.62286652e-08,0.86631006,4.44192452e-08,0.499506682)EnemiesCFrame=CFrame.new(-5805.42041,99.5276108,8782.36719,-0.316935152,-6.4923519e-08,0.948447227,4.12987404e-08,1,8.2252896e-08,-0.948447227,6.52385026e-08,-0.316935152)elseif a==375 or a<=399 then BringDistance=350;Enemies="Fishman Warrior [Lv. 375]"QuestName="FishmanQuest"QuestData=1;QuestNameMenu="Fishman Warrior"QuestPos=CFrame.new(61122.2422,18.4716377,1568.84778,0.971045971,-1.77007031e-08,0.238892734,4.80190776e-09,1,5.45760841e-08,-0.238892734,-5.18487475e-08,0.971045971)EnemiesCFrame=CFrame.new(60898.043,18.4828224,1550.9906,-0.0750192106,-4.46996573e-09,0.997182071,3.6461556e-10,1,4.51002746e-09,-0.997182071,7.0192685e-10,-0.0750192106)if getgenv().AutoFarm and(QuestPos.Position-game.Players.LocalPlayer.Character.HumanoidRootPart.Position).Magnitude>3000 then game:GetService("ReplicatedStorage").Remotes.CommF_:InvokeServer("requestEntrance",Vector3.new(61163.8515625,11.6796875,1819.7841796875))end elseif a==400 or a<=449 then BringDistance=0;Enemies="Fishman Commando [Lv. 400]"QuestName="FishmanQuest"QuestData=2;QuestNameMenu="Fishman Commando"QuestPos=CFrame.new(61122.2422,18.4716377,1568.84778,0.971045971,-1.77007031e-08,0.238892734,4.80190776e-09,1,5.45760841e-08,-0.238892734,-5.18487475e-08,0.971045971)EnemiesCFrame=CFrame.new(61885.4063,18.4828224,1500.37195,0.722261012,4.84021889e-08,-0.691620588,1.27929427e-08,1,8.33434299e-08,0.691620588,-6.90435726e-08,0.722261012)if getValue("Auto Farm Level")and(QuestPos.Position-game.Players.LocalPlayer.Character.HumanoidRootPart.Position).Magnitude>3000 then game:GetService("ReplicatedStorage").Remotes.CommF_:InvokeServer("requestEntrance",Vector3.new(61163.8515625,11.6796875,1819.7841796875))end elseif a==450 or a<=474 then Enemies="God's Guard [Lv. 450]"QuestName="SkyExp1Quest"QuestData=1;QuestNameMenu="God's Guard"QuestPos=CFrame.new(-4721.28369,845.277161,-1954.95154,-0.979754269,-1.72096932e-08,0.200205252,-2.52417198e-09,1,7.36076018e-08,-0.200205252,7.16119786e-08,-0.979754269)EnemiesCFrame=CFrame.new(-4630.00635,866.902954,-1936.76331,-0.656243384,9.12737941e-12,0.754549265,3.58402819e-09,1,3.10498938e-09,-0.754549265,4.74195483e-09,-0.656243384)if getValue("Auto Farm Level")and(QuestPos.Position-game.Players.LocalPlayer.Character.HumanoidRootPart.Position).Magnitude>3000 then game:GetService("ReplicatedStorage").Remotes.CommF_:InvokeServer("requestEntrance",Vector3.new(-4607.82275,872.54248,-1667.55688))end elseif a==475 or a<=524 then Enemies="Shanda [Lv. 475]"QuestName="SkyExp1Quest"QuestData=2;QuestNameMenu="Shanda"QuestPos=CFrame.new(-7861.79736,5545.49316,-379.920776,0.504107952,-1.41941534e-08,-0.863640666,-1.31181936e-08,1,-2.40923566e-08,0.863640666,2.34745521e-08,0.504107952)EnemiesCFrame=CFrame.new(-7682.69775,5607.36279,-445.691833,0.786274791,-4.48163426e-08,-0.617877364,-4.81674345e-09,1,-7.86622607e-08,0.617877364,6.48263239e-08,0.786274791)if getgenv().AutoFarm and(QuestPos.Position-game.Players.LocalPlayer.Character.HumanoidRootPart.Position).Magnitude>3000 then game:GetService("ReplicatedStorage").Remotes.CommF_:InvokeServer("requestEntrance",Vector3.new(-7894.6176757813,5547.1416015625,-380.29119873047))end elseif a==525 or a<=549 then Enemies="Royal Squad [Lv. 525]"QuestName="SkyExp2Quest"QuestData=1;QuestNameMenu="Royal Squad"QuestPos=CFrame.new(-7902.23242,5635.96387,-1411.96741,-0.0435957126,-2.13718043e-09,0.999049246,4.23562352e-10,1,2.15769735e-09,-0.999049246,5.1722604e-10,-0.0435957126)EnemiesCFrame=CFrame.new(-7579.42285,5628.39111,-1540.75073,-0.0374937952,1.17099557e-08,0.999296963,-3.30279164e-08,1,-1.29574085e-08,-0.999296963,-3.34905081e-08,-0.0374937952)elseif a==550 or a<=624 then Enemies="Royal Soldier [Lv. 550]"QuestName="SkyExp2Quest"QuestData=2;QuestNameMenu="Royal Soldier"QuestPos=CFrame.new(-7902.23242,5635.96387,-1411.96741,-0.0435957126,-2.13718043e-09,0.999049246,4.23562352e-10,1,2.15769735e-09,-0.999049246,5.1722604e-10,-0.0435957126)EnemiesCFrame=CFrame.new(-7834.84717,5681.36182,-1790.76782,-0.102890432,3.28112684e-08,0.994692683,-6.45397762e-08,1,-3.96622966e-08,-0.994692683,-6.82781121e-08,-0.102890432)elseif a==625 or a<=649 then BringDistance=300;Enemies="Galley Pirate [Lv. 625]"QuestName="FountainQuest"QuestData=1;QuestNameMenu="Galley Pirate"QuestPos=CFrame.new(5254.52734,38.5011368,4049.80127,-0.0732342899,2.23174847e-08,-0.997314751,1.2052287e-07,1,1.35274023e-08,0.997314751,-1.19208565e-07,-0.0732342899)EnemiesCFrame=CFrame.new(5597.58936,41.5013657,3960.55371,-0.584786832,4.98908861e-08,0.811187029,4.10757259e-08,1,-3.18919575e-08,-0.811187029,1.4670098e-08,-0.584786832)BringDistance=450 elseif a>=650 then BringDistance=350;Enemies="Galley Captain [Lv. 650]"QuestName="FountainQuest"QuestData=2;QuestNameMenu="Galley Captain"QuestPos=CFrame.new(5254.52734,38.5011368,4049.80127,-0.0732342899,2.23174847e-08,-0.997314751,1.2052287e-07,1,1.35274023e-08,0.997314751,-1.19208565e-07,-0.0732342899)EnemiesCFrame=CFrame.new(5705.8252,52.241478,4890.11035,-0.969319642,4.40228476e-09,0.245803744,-7.88622412e-09,1,-4.90088397e-08,-0.245803744,-4.94436954e-08,-0.969319642)end end;if SecondSea then BringDistance=350;if a==700 or a<=724 then Enemies="Raider [Lv. 700]"QuestName="Area1Quest"QuestData=1;QuestNameMenu="Raider"QuestPos=CFrame.new(-424.080078,73.0055847,1836.91589,0.253544956,-1.42165932e-08,0.967323601,-6.00147771e-08,1,3.04272909e-08,-0.967323601,-6.5768397e-08,0.253544956)EnemiesCFrame=CFrame.new(-141.872437,96.6845093,2491.01538,0.13152431,0,-0.991312981,-0,1.00000012,-0,0.991312981,0,0.13152431)elseif a==725 or a<=774 then Enemies="Mercenary [Lv. 725]"QuestName="Area1Quest"QuestData=2;QuestNameMenu="Mercenary"QuestPos=CFrame.new(-424.080078,73.0055847,1836.91589,0.253544956,-1.42165932e-08,0.967323601,-6.00147771e-08,1,3.04272909e-08,-0.967323601,-6.5768397e-08,0.253544956)EnemiesCFrame=CFrame.new(-938.497314,80.9546738,1443.98608,0.231955677,0,0.972726345,-0,1,-0,-0.972726345,0,0.231955677)elseif a==775 or a<=874 then Enemies="Swan Pirate [Lv. 775]"QuestName="Area2Quest"QuestData=1;QuestNameMenu="Swan Pirate"QuestPos=CFrame.new(632.698608,73.1055908,918.666321,-0.0319722369,8.96074881e-10,-0.999488771,1.36326533e-10,1,8.92172336e-10,0.999488771,-1.07732087e-10,-0.0319722369)EnemiesCFrame=CFrame.new(967.233276,141.309494,1210.06384,0.999673784,5.40161649e-09,-0.0255404469,-7.62258967e-09,1,-8.68617107e-08,0.0255404469,8.7028063e-08,0.999673784)elseif a==875 or a<=899 then Enemies="Marine Lieutenant [Lv. 875]"QuestName="MarineQuest3"QuestData=1;QuestNameMenu="Marine Lieutenant."QuestPos=CFrame.new(-2443.04639,73.0161057,-3220.30225,-0.854058921,-6.13997599e-08,-0.520176232,-1.30658604e-08,1,-9.65840883e-08,0.520176232,-7.56919505e-08,-0.854058921)EnemiesCFrame=CFrame.new(-2967.00757,72.9661407,-2972.7478,0.977851391,8.27619218e-08,-0.209300488,-6.95268412e-08,1,7.05923142e-08,0.209300488,-5.44767893e-08,0.977851391)elseif a==900 or a<=949 then Enemies="Marine Captain [Lv. 900]"QuestName="MarineQuest3"QuestData=2;QuestNameMenu="Marine Captain"QuestPos=CFrame.new(-2443.04639,73.0161057,-3220.30225,-0.854058921,-6.13997599e-08,-0.520176232,-1.30658604e-08,1,-9.65840883e-08,0.520176232,-7.56919505e-08,-0.854058921)EnemiesCFrame=CFrame.new(-1818.36401,93.3760834,-3203.57788,0.315930545,4.84752114e-08,0.948782325,1.37578589e-08,1,-5.56731905e-08,-0.948782325,3.06420738e-08,0.315930545)elseif a==950 or a<=974 then Enemies="Zombie [Lv. 950]"QuestName="ZombieQuest"QuestData=1;QuestNameMenu="Zombie"QuestPos=CFrame.new(-5492.79395,48.5151672,-793.710571,0.321800292,-6.24695815e-08,0.946807742,4.05616092e-08,1,5.21931227e-08,-0.946807742,2.16082796e-08,0.321800292)EnemiesCFrame=CFrame.new(-5736.03516,126.031998,-728.026184,0.0818082988,-5.90035434e-08,0.996648133,3.5947787e-09,1,5.89069167e-08,-0.996648133,-1.23634614e-09,0.0818082988)elseif a==975 or a<=999 then Enemies="Vampire [Lv. 975]"QuestName="ZombieQuest"QuestData=2;QuestNameMenu="Vampire"QuestPos=CFrame.new(-5492.79395,48.5151672,-793.710571,0.321800292,-6.24695815e-08,0.946807742,4.05616092e-08,1,5.21931227e-08,-0.946807742,2.16082796e-08,0.321800292)EnemiesCFrame=CFrame.new(-6028.23584,6.40270138,-1295.4563,0.667547405,0,0.744567394,-0,1.00000012,-0,-0.744567394,0,0.667547405)elseif a==1000 or a<=1049 then Enemies="Snow Trooper [Lv. 1000]"QuestName="SnowMountainQuest"QuestData=1;QuestNameMenu="Snow Trooper"QuestPos=CFrame.new(605.670532,401.422028,-5370.10107,0.459257662,-9.56824509e-10,-0.888303101,5.98925964e-10,1,-7.67489405e-10,0.888303101,-1.79552401e-10,0.459257662)EnemiesCFrame=CFrame.new(544.207947,401.422028,-5309.08887,0.503866196,-2.06684501e-08,0.86378175,1.27917943e-09,1,2.31816841e-08,-0.86378175,-1.05755351e-08,0.503866196)elseif a==1050 or a<=1099 then Enemies="Winter Warrior [Lv. 1050]"QuestName="SnowMountainQuest"QuestData=2;QuestNameMenu="Winter Warrior"QuestPos=CFrame.new(605.670532,401.422028,-5370.10107,0.459257662,-9.56824509e-10,-0.888303101,5.98925964e-10,1,-7.67489405e-10,0.888303101,-1.79552401e-10,0.459257662)EnemiesCFrame=CFrame.new(1240.86279,461.108154,-5191.104,0.528719008,-7.18234645e-08,0.848796904,2.89169716e-10,1,8.44378363e-08,-0.848796904,-4.4398444e-08,0.528719008)elseif a==1100 or a<=1124 then Enemies="Lab Subordinate [Lv. 1100]"QuestName="IceSideQuest"QuestData=1;QuestNameMenu="Lab Subordinate"QuestPos=CFrame.new(-6060.10693,15.9868021,-4904.7876,-0.411000341,-5.06538868e-07,0.91163528,1.26306062e-07,1,6.12581289e-07,-0.91163528,3.66916197e-07,-0.411000341)EnemiesCFrame=CFrame.new(-5833.63379,48.4371948,-4510.4458,0.0372838341,5.56001822e-09,-0.999304712,-6.95599089e-09,1,5.30436006e-09,0.999304712,6.75338763e-09,0.0372838341)elseif a==1125 or a<=1174 then Enemies="Horned Warrior [Lv. 1125]"QuestName="IceSideQuest"QuestData=2;QuestNameMenu="Horned Warrior"QuestPos=CFrame.new(-6060.10693,15.9868021,-4904.7876,-0.411000341,-5.06538868e-07,0.91163528,1.26306062e-07,1,6.12581289e-07,-0.91163528,3.66916197e-07,-0.411000341)EnemiesCFrame=CFrame.new(-6168.15918,42.7079964,-6020.96826,-0.744210601,2.41774178e-09,-0.667945027,-2.3336304e-09,1,6.21975493e-09,0.667945027,6.18754425e-09,-0.744210601)elseif a==1175 or a<=1199 then Enemies="Magma Ninja [Lv. 1175]"QuestName="FireSideQuest"QuestData=1;QuestNameMenu="Magma Ninja"QuestPos=CFrame.new(-5429.68359,15.9517593,-5296.70215,0.919959962,-6.00166317e-08,-0.392012328,2.29238974e-08,1,-9.93018858e-08,0.392012328,8.23673076e-08,0.919959962)EnemiesCFrame=CFrame.new(-5404.85449,22.8623676,-5896.09033,-0.519595861,4.74720929e-09,0.854412138,1.52255595e-08,1,3.70304742e-09,-0.854412138,1.49329917e-08,-0.519595861)if getValue("Auto Farm Level")and(QuestPos.Position-game.Players.LocalPlayer.Character.HumanoidRootPart.Position).Magnitude>500 then game:GetService("ReplicatedStorage").Remotes.CommF_:InvokeServer("requestEntrance",Vector3.new(-5466.8896484375,15.951756477356,-5212.197265625))end elseif a==1200 or a<=1249 then Enemies="Lava Pirate [Lv. 1200]"QuestName="FireSideQuest"QuestData=2;QuestNameMenu="Lava Pirate"QuestPos=CFrame.new(-5429.68359,15.9517593,-5296.70215,0.919959962,-6.00166317e-08,-0.392012328,2.29238974e-08,1,-9.93018858e-08,0.392012328,8.23673076e-08,0.919959962)EnemiesCFrame=CFrame.new(-5075.1958,16.1485081,-4814.36133,-0.800640523,-1.06090866e-07,0.599145055,-6.59776447e-08,1,8.89041587e-08,-0.599145055,3.16500923e-08,-0.800640523)elseif a==1250 or a<=1274 then Enemies="Ship Deckhand [Lv. 1250]"QuestName="ShipQuest1"QuestData=1;QuestNameMenu="Ship Deckhand"QuestPos=CFrame.new(1038.67456,125.057098,32911.3477,0.120709591,5.22710089e-08,-0.992687881,7.9174507e-09,1,5.36187876e-08,0.992687881,-1.43318593e-08,0.120709591)EnemiesCFrame=CFrame.new(1215.14063,125.057114,33050.7188,0.527230442,2.61814961e-08,0.849722326,-5.66963045e-08,1,4.36674741e-09,-0.849722326,-5.04783984e-08,0.527230442)if getgenv().AutoFarm and(QuestPos.Position-game.Players.LocalPlayer.Character.HumanoidRootPart.Position).Magnitude>20000 then game:GetService("ReplicatedStorage").Remotes.CommF_:InvokeServer("requestEntrance",Vector3.new(923.21252441406,126.9760055542,32852.83203125))end elseif a==1275 or a<=1299 then Enemies="Ship Engineer [Lv. 1275]"QuestName="ShipQuest1"QuestData=2;QuestNameMenu="Ship Engineer"QuestPos=CFrame.new(1038.67456,125.057098,32911.3477,0.120709591,5.22710089e-08,-0.992687881,7.9174507e-09,1,5.36187876e-08,0.992687881,-1.43318593e-08,0.120709591)EnemiesCFrame=CFrame.new(862.985413,40.4428635,32867.9492,-0.847809434,8.49998827e-08,-0.530301034,2.99658929e-08,1,1.1237865e-07,0.530301034,7.93847335e-08,-0.847809434)if getgenv().AutoFarm and(QuestPos.Position-game.Players.LocalPlayer.Character.HumanoidRootPart.Position).Magnitude>20000 then game:GetService("ReplicatedStorage").Remotes.CommF_:InvokeServer("requestEntrance",Vector3.new(923.21252441406,126.9760055542,32852.83203125))end elseif a==1300 or a<=1324 then Enemies="Ship Steward [Lv. 1300]"QuestName="ShipQuest2"QuestData=1;QuestNameMenu="Ship Steward"QuestPos=CFrame.new(969.268311,125.057121,33245.2695,-0.85863924,-4.77058464e-08,-0.512580395,-1.49134394e-08,1,-6.80880134e-08,0.512580395,-5.08187057e-08,-0.85863924)EnemiesCFrame=CFrame.new(923.611511,129.555984,33442.3125,0.997516274,9.71936913e-08,0.0704362914,-9.52239958e-08,1,-3.13219992e-08,-0.0704362914,2.45369804e-08,0.997516274)if getgenv().AutoFarm and(QuestPos.Position-game.Players.LocalPlayer.Character.HumanoidRootPart.Position).Magnitude>20000 then game:GetService("ReplicatedStorage").Remotes.CommF_:InvokeServer("requestEntrance",Vector3.new(923.21252441406,126.9760055542,32852.83203125))end elseif a==1325 or a<=1349 then Enemies="Ship Officer [Lv. 1325]"QuestName="ShipQuest2"QuestData=2;QuestNameMenu="Ship Officer"QuestPos=CFrame.new(969.268311,125.057121,33245.2695,-0.85863924,-4.77058464e-08,-0.512580395,-1.49134394e-08,1,-6.80880134e-08,0.512580395,-5.08187057e-08,-0.85863924)EnemiesCFrame=CFrame.new(882.275574,181.057739,33354.1797,0.845816016,-3.71928088e-08,-0.533474684,1.28583932e-09,1,-6.7679359e-08,0.533474684,5.65583242e-08,0.845816016)if getgenv().AutoFarm and(QuestPos.Position-game.Players.LocalPlayer.Character.HumanoidRootPart.Position).Magnitude>20000 then game:GetService("ReplicatedStorage").Remotes.CommF_:InvokeServer("requestEntrance",Vector3.new(923.21252441406,126.9760055542,32852.83203125))end elseif a==1350 or a<=1374 then Enemies="Arctic Warrior [Lv. 1350]"QuestName="FrostQuest"QuestData=1;QuestNameMenu="Arctic Warrior"QuestPos=CFrame.new(5669.43506,28.2117786,-6482.60107,0.888092756,1.02705066e-07,0.459664226,-6.20391774e-08,1,-1.03572376e-07,-0.459664226,6.34646895e-08,0.888092756)EnemiesCFrame=CFrame.new(5995.9292,57.0727844,-6184.98926,0.706337512,5.23128296e-09,-0.707875192,-2.2285974e-08,1,-1.48474424e-08,0.707875192,2.62629936e-08,0.706337512)if getgenv().AutoFarm and(QuestPos.Position-game.Players.LocalPlayer.Character.HumanoidRootPart.Position).Magnitude>20000 then game:GetService("ReplicatedStorage").Remotes.CommF_:InvokeServer("requestEntrance",Vector3.new(-6508.5581054688,89.034996032715,-132.83953857422))end elseif a==1375 or a<=1424 then Enemies="Snow Lurker [Lv. 1375]"QuestName="FrostQuest"QuestData=2;QuestNameMenu="Snow Lurker"QuestPos=CFrame.new(5669.43506,28.2117786,-6482.60107,0.888092756,1.02705066e-07,0.459664226,-6.20391774e-08,1,-1.03572376e-07,-0.459664226,6.34646895e-08,0.888092756)EnemiesCFrame=CFrame.new(5516.27539,60.5209846,-6830.82764,0.219563305,-7.8544824e-09,0.975598276,4.69439376e-09,1,6.99444236e-09,-0.975598276,3.04411962e-09,0.219563305)elseif a==1425 or a<=1449 then Enemies="Sea Soldier [Lv. 1425]"QuestName="ForgottenQuest"QuestData=1;QuestNameMenu="Sea Soldier"QuestPos=CFrame.new(-3053.97339,236.846283,-10146.1484,-0.999963522,-2.10707256e-08,-0.00854360498,-2.09657198e-08,1,-1.23802275e-08,0.00854360498,-1.22006529e-08,-0.999963522)EnemiesCFrame=CFrame.new(-3026.54834,29.5403671,-9758.74316,-0.999909937,1.71713896e-08,-0.0134194754,1.68009748e-08,1,2.7715517e-08,0.0134194754,2.74875607e-08,-0.999909937)if getgenv().AutoFarm and(QuestPos.Position-game.Players.LocalPlayer.Character.HumanoidRootPart.Position).Magnitude>20000 then game:GetService("ReplicatedStorage").Remotes.CommF_:InvokeServer("requestEntrance",Vector3.new(-6508.5581054688,89.034996032715,-132.83953857422))end elseif a>=1450 then Enemies="Water Fighter [Lv. 1450]"QuestName="ForgottenQuest"QuestData=2;QuestNameMenu="Water Fighter"QuestPos=CFrame.new(-3053.97339,236.846283,-10146.1484,-0.999963522,-2.10707256e-08,-0.00854360498,-2.09657198e-08,1,-1.23802275e-08,0.00854360498,-1.22006529e-08,-0.999963522)EnemiesCFrame=CFrame.new(-3262.00098,298.699615,-10553.6943,-0.233570755,-4.57538185e-08,0.972339869,-5.80986068e-08,1,3.30992194e-08,-0.972339869,-4.87605725e-08,-0.233570755)end end;if ThridSea then BringDistance=350;if a==1500 or a<=1524 then Enemies="Pirate Millionaire [Lv. 1500]"QuestName="PiratePortQuest"QuestData=1;QuestNameMenu="Pirate Millionaire"QuestPos=CFrame.new(-288.688629,43.7932091,5578.0918,-0.980135322,4.04644034e-08,0.198329896,5.16003063e-08,1,5.0980109e-08,-0.198329896,6.02012875e-08,-0.980135322)EnemiesCFrame=CFrame.new(-362.372589,116.311394,5690.42188,0.982939184,-1.16153336e-08,-0.183930904,1.35050096e-08,1,9.02115538e-09,0.183930904,-1.13512355e-08,0.982939184)elseif a==1525 or a<=1574 then Enemies="Pistol Billionaire [Lv. 1525]"QuestName="PiratePortQuest"QuestData=2;QuestNameMenu="Pistol Billionaire"QuestPos=CFrame.new(-288.688629,43.7932091,5578.0918,-0.980135322,4.04644034e-08,0.198329896,5.16003063e-08,1,5.0980109e-08,-0.198329896,6.02012875e-08,-0.980135322)EnemiesCFrame=CFrame.new(-238.026596,219.645935,6007.1748,0.902000248,-1.08513618e-07,-0.431735516,9.17130407e-08,1,-5.97320096e-08,0.431735516,1.42825076e-08,0.902000248)elseif a==1575 or a<=1624 then Enemies="Dragon Crew Warrior [Lv. 1575]"QuestName="AmazonQuest"QuestData=1;QuestNameMenu="Dragon Crew Warrior"QuestPos=CFrame.new(5833.72559,51.3513527,-1104.3147,-0.958539188,-3.53234562e-08,0.284960806,-3.93179853e-08,1,-8.29718783e-09,-0.284960806,-1.91572642e-08,-0.958539188)EnemiesCFrame=CFrame.new(6210.00977,51.4822731,-1187.48975,0.208473638,2.79291683e-08,-0.978027999,-6.3442954e-08,1,1.50332973e-08,0.978027999,5.89149387e-08,0.208473638)elseif a==1625 or a<=1649 then Enemies="Female Islander [Lv. 1625]"QuestName="AmazonQuest2"QuestData=1;QuestNameMenu="Female Islander"QuestPos=CFrame.new(5445.99756,601.603638,750.611145,-0.0389447734,1.17245778e-08,-0.999241352,1.19459349e-08,1,1.12678942e-08,0.999241352,-1.1498047e-08,-0.0389447734)EnemiesCFrame=CFrame.new(4660.0293,793.07666,771.150757,-0.300044596,6.91594604e-09,-0.953925192,-9.75659518e-08,1,3.79380722e-08,0.953925192,1.04453733e-07,-0.300044596)elseif a==1650 or a<=1699 then Enemies="Giant Islander [Lv. 1650]"QuestName="AmazonQuest2"QuestData=2;QuestNameMenu="Giant Islander"QuestPos=CFrame.new(5445.99756,601.603638,750.611145,-0.0389447734,1.17245778e-08,-0.999241352,1.19459349e-08,1,1.12678942e-08,0.999241352,-1.1498047e-08,-0.0389447734)EnemiesCFrame=CFrame.new(5013.77881,664.0849,-42.7317543,0.793121755,2.98509946e-08,0.609063148,-3.13217008e-08,1,-8.22422486e-09,-0.609063148,-1.25540822e-08,0.793121755)elseif a==1700 or a<=1724 then Enemies="Marine Commodore [Lv. 1700]"QuestName="MarineTreeIsland"QuestData=1;QuestNameMenu="Marine Commodore"QuestPos=CFrame.new(2179.58447,28.7054367,-6738.48682,0.97564882,-2.54533923e-08,-0.219338506,1.31742075e-08,1,-5.74454191e-08,0.219338506,5.31569455e-08,0.97564882)EnemiesCFrame=CFrame.new(2548.86279,124.071259,-7774.8999,-0.790427029,-1.174846e-08,-0.612556159,-2.99833545e-08,1,1.95103667e-08,0.612556159,3.37880124e-08,-0.790427029)elseif a==1725 or a<=1774 then Enemies="Marine Rear Admiral [Lv. 1725]"QuestName="MarineTreeIsland"QuestData=2;QuestNameMenu="Marine Rear Admiral"QuestPos=CFrame.new(2179.58447,28.7054367,-6738.48682,0.97564882,-2.54533923e-08,-0.219338506,1.31742075e-08,1,-5.74454191e-08,0.219338506,5.31569455e-08,0.97564882)EnemiesCFrame=CFrame.new(3582.24365,160.524048,-7055.01416,-0.182099551,6.68982807e-08,-0.983280122,8.52377937e-08,1,5.22501367e-08,0.983280122,-7.42978941e-08,-0.182099551)elseif a==1775 or a<=1799 then Enemies="Fishman Raider [Lv. 1775]"QuestName="DeepForestIsland3"QuestData=1;QuestNameMenu="Fishman Raider"QuestPos=CFrame.new(-10582.666,331.762634,-8758.61035,0.919332206,1.69593086e-08,-0.393482327,-3.42409479e-08,1,-3.68999942e-08,0.393482327,4.73965578e-08,0.919332206)EnemiesCFrame=CFrame.new(-10449.9258,331.762634,-8475.85742,-0.739984214,-8.96819241e-09,0.67262423,-5.59647688e-08,1,-4.82362239e-08,-0.67262423,-7.33373042e-08,-0.739984214)elseif a==1800 or a<=1824 then Enemies="Fishman Captain [Lv. 1800]"QuestName="DeepForestIsland3"QuestData=2;QuestNameMenu="Fishman Captain"QuestPos=CFrame.new(-10582.666,331.762634,-8758.61035,0.919332206,1.69593086e-08,-0.393482327,-3.42409479e-08,1,-3.68999942e-08,0.393482327,4.73965578e-08,0.919332206)EnemiesCFrame=CFrame.new(-11035.9189,331.762634,-8966.12012,-0.199661195,8.05780545e-08,-0.979865015,-2.36975328e-08,1,8.70625314e-08,0.979865015,4.06033926e-08,-0.199661195)elseif a==1825 or a<=1849 then Enemies="Forest Pirate [Lv. 1825]"QuestName="DeepForestIsland"QuestData=1;QuestNameMenu="Forest Pirate"QuestPos=CFrame.new(-13232.082,332.378143,-7627.49121,-0.717027605,-4.07509866e-08,0.69704479,3.86317822e-08,1,9.8201788e-08,-0.69704479,9.734147e-08,-0.717027605)EnemiesCFrame=CFrame.new(-13438.9268,417.009583,-7767.28467,-0.301585436,-7.02043721e-08,-0.953439176,-4.40521433e-08,1,-5.96985004e-08,0.953439176,2.39968401e-08,-0.301585436)elseif a==1850 or a<=1899 then Enemies="Mythological Pirate [Lv. 1850]"QuestName="DeepForestIsland"QuestData=2;QuestNameMenu="Mythological Pirate"QuestPos=CFrame.new(-13232.082,332.378143,-7627.49121,-0.717027605,-4.07509866e-08,0.69704479,3.86317822e-08,1,9.8201788e-08,-0.69704479,9.734147e-08,-0.717027605)EnemiesCFrame=CFrame.new(-13560.6543,522.013672,-6733.91113,0.996960402,-1.61884088e-08,0.0779099241,1.91753653e-08,1,-3.75904605e-08,-0.0779099241,3.89701533e-08,0.996960402)elseif a==1900 or a<=1924 then Enemies="Jungle Pirate [Lv. 1900]"QuestName="DeepForestIsland2"QuestData=1;QuestNameMenu="Jungle Pirate"QuestPos=CFrame.new(-12683.9668,390.860687,-9901.30176,0.152271122,4.28084199e-08,-0.988338768,-4.4882615e-08,1,3.63985464e-08,0.988338768,3.88167827e-08,0.152271122)EnemiesCFrame=CFrame.new(-11983.4141,375.940613,-10459.2383,0.999999106,1.88226306e-08,0.00133047614,-1.87607263e-08,1,-4.65408618e-08,-0.00133047614,4.65158578e-08,0.999999106)elseif a==1925 or a<=1974 then Enemies="Musketeer Pirate [Lv. 1925]"QuestName="DeepForestIsland2"QuestData=2;QuestNameMenu="Musketeer Pirate"QuestPos=CFrame.new(-12683.9668,390.860687,-9901.30176,0.152271122,4.28084199e-08,-0.988338768,-4.4882615e-08,1,3.63985464e-08,0.988338768,3.88167827e-08,0.152271122)EnemiesCFrame=CFrame.new(13282.3046875,496.23684692383,-9565.150390625)elseif a==1975 or a<=1999 then Enemies="Reborn Skeleton [Lv. 1975]"QuestName="HauntedQuest1"QuestData=1;QuestNameMenu="Reborn Skeleton"QuestPos=CFrame.new(-9481.97754,142.104843,5566.03662,0.00151404156,-4.14115426e-08,-0.999998868,-3.46592838e-10,1,-4.14121146e-08,0.999998868,4.092921e-10,0.00151404156)EnemiesCFrame=CFrame.new(-8762.2832,185.188904,6169.08057,0.964605391,2.60655728e-08,0.263697594,-2.23583552e-08,1,-1.70596284e-08,-0.263697594,1.05599645e-08,0.964605391)elseif a==2000 or a<=2024 then Enemies="Living Zombie [Lv. 2000]"QuestName="HauntedQuest1"QuestData=2;QuestNameMenu="Living Zombie"QuestPos=CFrame.new(-9481.97754,142.104843,5566.03662,0.00151404156,-4.14115426e-08,-0.999998868,-3.46592838e-10,1,-4.14121146e-08,0.999998868,4.092921e-10,0.00151404156)EnemiesCFrame=CFrame.new(-10081.085,237.834961,5913.92871,0.0515871011,9.59092787e-08,0.998668492,4.31864713e-08,1,-9.82679822e-08,-0.998668492,4.81983271e-08,0.0515871011)elseif a==2025 or a<=2049 then Enemies="Demonic Soul [Lv. 2025]"QuestName="HauntedQuest2"QuestData=1;QuestNameMenu="Demonic Soul"QuestPos=CFrame.new(-9513.68945,172.104813,6078.30811,0.06916935,2.37454696e-08,0.997604907,1.21678923e-07,1,-3.22391358e-08,-0.997604907,1.23617454e-07,0.06916935)EnemiesCFrame=CFrame.new(-9661.06152,234.989151,6208.34473,0.839007735,1.00638069e-07,-0.544119537,-9.42643013e-08,1,3.9604533e-08,0.544119537,1.80625381e-08,0.839007735)elseif a==2050 or a<=2074 then Enemies="Posessed Mummy [Lv. 2050]"QuestName="HauntedQuest2"QuestData=2;QuestNameMenu="Posessed Mummy"QuestPos=CFrame.new(-9513.68945,172.104813,6078.30811,0.06916935,2.37454696e-08,0.997604907,1.21678923e-07,1,-3.22391358e-08,-0.997604907,1.23617454e-07,0.06916935)EnemiesCFrame=CFrame.new(-9555.10254,66.3880768,6371.47021,0.993915081,-2.2833456e-08,0.110149056,2.02630606e-08,1,2.44549945e-08,-0.110149056,-2.20742304e-08,0.993915081)elseif a==2075 or a<=2099 then Enemies="Peanut Scout [Lv. 2075]"QuestName="NutsIslandQuest"QuestData=1;QuestNameMenu="Peanut Scout"QuestPos=CFrame.new(-2103.03442,38.103981,-10192.5801,0.779485822,-2.70350977e-08,0.626419842,-3.08562882e-08,1,8.15541483e-08,-0.626419842,-8.2899291e-08,0.779485822)EnemiesCFrame=CFrame.new(-2149.84937,122.471855,-10359.0498,-0.0922852308,-3.50682292e-08,-0.995732605,3.04092396e-09,1,-3.55003564e-08,0.995732605,-6.30410568e-09,-0.0922852308)elseif a==2100 or a<=2124 then Enemies="Peanut President [Lv. 2100]"QuestName="NutsIslandQuest"QuestData=2;QuestNameMenu="Peanut President"QuestPos=CFrame.new(-2103.03442,38.103981,-10192.5801,0.779485822,-2.70350977e-08,0.626419842,-3.08562882e-08,1,8.15541483e-08,-0.626419842,-8.2899291e-08,0.779485822)EnemiesCFrame=CFrame.new(-2149.84937,122.471855,-10359.0498,-0.0922852308,-3.50682292e-08,-0.995732605,3.04092396e-09,1,-3.55003564e-08,0.995732605,-6.30410568e-09,-0.0922852308)elseif a==2125 or a<=2149 then Enemies="Ice Cream Chef [Lv. 2125]"QuestName="IceCreamIslandQuest"QuestData=1;QuestNameMenu="Ice Cream Chef"QuestPos=CFrame.new(-823.195129,65.8453369,-10963.583,0.367210746,-2.2831804e-08,-0.930137753,2.00119876e-09,1,-2.37566322e-08,0.930137753,6.86230051e-09,0.367210746)EnemiesCFrame=CFrame.new(-846.166931,205.853973,-11006.5137,-0.153710946,3.34348504e-09,0.988115847,-4.13023145e-08,1,-9.80867032e-09,-0.988115847,-4.23191722e-08,-0.153710946)elseif a==2150 or a<=2199 then Enemies="Ice Cream Commander [Lv. 2150]"QuestName="IceCreamIslandQuest"QuestData=2;QuestNameMenu="Ice Cream Commander"QuestPos=CFrame.new(-823.195129,65.8453369,-10963.583,0.367210746,-2.2831804e-08,-0.930137753,2.00119876e-09,1,-2.37566322e-08,0.930137753,6.86230051e-09,0.367210746)EnemiesCFrame=CFrame.new(-846.166931,205.853973,-11006.5137,-0.153710946,3.34348504e-09,0.988115847,-4.13023145e-08,1,-9.80867032e-09,-0.988115847,-4.23191722e-08,-0.153710946)elseif a==2200 or a<=2224 then Enemies="Cookie Crafter [Lv. 2200]"QuestName="CakeQuest1"QuestData=1;QuestNameMenu="Cookie Crafter"QuestPos=CFrame.new(-2021.3193359375,37.82402038574219,-12027.6845703125)EnemiesCFrame=CFrame.new(-2288.84717,93.943161,-12046.7285,0.0389619507,-8.05070766e-09,0.999240696,1.44159458e-08,1,7.49472484e-09,-0.999240696,1.41129908e-08,0.0389619507)elseif a==2225 or a<=2249 then Enemies="Cake Guard [Lv. 2225]"QuestName="CakeQuest1"QuestData=2;QuestNameMenu="Cake Guard"QuestPos=CFrame.new(-2021.3193359375,37.82402038574219,-12027.6845703125)EnemiesCFrame=CFrame.new(-1600.24854,195.694992,-12346.0342,-0.9457618,-7.09395209e-08,-0.32486099,-9.57561568e-08,1,6.04042683e-08,0.32486099,8.82354882e-08,-0.9457618)elseif a==2250 or a<=2274 then Enemies="Baking Staff [Lv. 2250]"QuestName="CakeQuest2"QuestData=1;QuestNameMenu="Baking Staff"QuestPos=CFrame.new(-1928.67395,37.8331604,-12842.3936,-0.235107109,-7.40617239e-08,-0.971969485,-7.00571334e-08,1,-5.92516507e-08,0.971969485,5.41629106e-08,-0.235107109)EnemiesCFrame=CFrame.new(-1848.26746,186.937271,-13007.0479,0.460077673,6.23081897e-09,-0.887878656,-9.55947232e-09,1,2.06415507e-09,0.887878656,7.53797913e-09,0.460077673)elseif a==2275 or a<=2299 then Enemies="Head Baker [Lv. 2275]"QuestName="CakeQuest2"QuestData=2;QuestNameMenu="Head Baker"QuestPos=CFrame.new(-1928.67395,37.8331604,-12842.3936,-0.235107109,-7.40617239e-08,-0.971969485,-7.00571334e-08,1,-5.92516507e-08,0.971969485,5.41629106e-08,-0.235107109)EnemiesCFrame=CFrame.new(-2012.3689,177.257675,-12839.6357,0.759093106,4.20168478e-09,-0.650982082,1.84710747e-10,1,6.66976474e-09,0.650982082,-5.18321563e-09,0.759093106)elseif a==2275 or a<=2299 then Enemies="Head Baker [Lv. 2275]"QuestName="CakeQuest2"QuestData=2;QuestNameMenu="Head Baker"QuestPos=CFrame.new(-1928.67395,37.8331604,-12842.3936,-0.235107109,-7.40617239e-08,-0.971969485,-7.00571334e-08,1,-5.92516507e-08,0.971969485,5.41629106e-08,-0.235107109)EnemiesCFrame=CFrame.new(-2012.3689,177.257675,-12839.6357,0.759093106,4.20168478e-09,-0.650982082,1.84710747e-10,1,6.66976474e-09,0.650982082,-5.18321563e-09,0.759093106)elseif a==2300 or a<=2324 then Enemies="Cocoa Warrior [Lv. 2300]"QuestName="ChocQuest1"QuestData=1;QuestNameMenu="Cocoa Warrior"QuestPos=CFrame.new(232.75099182128906,24.760034561157227,-12198.2216796875)EnemiesCFrame=CFrame.new(85.33313751220703,73.5171127319336,-12317.169921875)elseif a==2325 or a<=2349 then Enemies="Chocolate Bar Battler [Lv. 2325]"QuestName="ChocQuest1"QuestData=2;QuestNameMenu="Chocolate Bar Battler"QuestPos=CFrame.new(232.75099182128906,24.760034561157227,-12198.2216796875)EnemiesCFrame=CFrame.new(722.2747802734375,141.80760192871094,-12716.5302734375)elseif a==2350 or a<=2374 then Enemies="Sweet Thief [Lv. 2350]"QuestName="ChocQuest2"QuestData=1;QuestNameMenu="Sweet Thief"QuestPos=CFrame.new(149.86026000976562,24.819625854492188,-12775.3720703125)EnemiesCFrame=CFrame.new(-114.19597625732422,105.17113494873047,-12673.9541015625)elseif a>=2375 then Enemies="Candy Rebel [Lv. 2375]"QuestName="ChocQuest2"QuestData=2;QuestNameMenu="Candy Rebel"QuestPos=CFrame.new(152.71707153320312,24.819623947143555,-12774.052734375)EnemiesCFrame=CFrame.new(420.3561096191406,109.24739837646484,-12989.76171875)end end;return Enemies,QuestName,QuestData,QuestNameMenu,QuestPos,EnemiesCFrame end
return getLevelData
